{
  "advancedEditorSelectedIdentifier" : "ProjectBrowser",
  "openSceneRelativePaths" : [
    "Giraffe.usda",
    "Lion.usda",
    "Polar Bear.usda",
    "Musk Ox.usda",
    "Blue Whale.usda",
    "Jellyfish.usda",
    "White Shark.usda"
  ],
  "recentIdentifiers" : {
    "4E20CB19-6E83-4619-9CA9-DC255C1169D8" : [

    ],
    "64DCC772-D70A-4DE3-9632-7FFD57BBADFC" : [

    ],
    "067D3F82-8A62-4C44-A264-0586CC14AB5E" : [

    ],
    "827FCF21-AE80-499B-8D58-D618F457FE4D" : [

    ],
    "1997C977-FC9F-4B47-941B-E8CF95426426" : [

    ],
    "E61D3EDC-E945-474E-9D5F-4EDA637FBDD1" : [

    ],
    "F422DCD9-57E2-4EFB-8603-185E71D4B99B" : [

    ]
  },
  "sceneCameraHistory" : {
    "4E20CB19-6E83-4619-9CA9-DC255C1169D8" : [
      {
        "date" : 753282455.967207,
        "title" : "Untitled",
        "transform" : [
          0.91913563,
          1.4856116e-11,
          -0.39394128,
          0,
          0.0017535938,
          0.99999005,
          0.004091449,
          0,
          0.39393738,
          -0.00445141,
          0.9191265,
          0,
          1.3401163,
          1.583959,
          1.3214601,
          1
        ]
      },
      {
        "date" : 753148387.831683,
        "title" : "Untitled",
        "transform" : [
          0.99400425,
          -3.0375227e-11,
          -0.10934176,
          0,
          -0.005476036,
          0.99874514,
          -0.04978156,
          0,
          0.109204546,
          0.05008184,
          0.9927569,
          0,
          0.77772284,
          2.039785,
          1.7380257,
          1
        ]
      },
      {
        "date" : 753148380.240473,
        "title" : "Untitled",
        "transform" : [
          0.99400425,
          -3.0375227e-11,
          -0.10934176,
          0,
          -0.005476036,
          0.99874514,
          -0.04978156,
          0,
          0.109204546,
          0.05008184,
          0.9927569,
          0,
          -0.4903239,
          0.8432728,
          1.9378704,
          1
        ]
      },
      {
        "date" : 753148368.214652,
        "title" : "Untitled",
        "transform" : [
          0.99400413,
          -3.0375223e-11,
          -0.10934175,
          0,
          -0.005476036,
          0.99874514,
          -0.04978156,
          0,
          0.109204546,
          0.05008184,
          0.9927569,
          0,
          1.4755173,
          2.0687897,
          1.6598053,
          1
        ]
      },
      {
        "date" : 753148357.685901,
        "title" : "Untitled",
        "transform" : [
          1,
          0,
          0,
          0,
          0,
          1,
          0,
          0,
          0,
          0,
          1,
          0,
          0.9511636,
          1.820665,
          2,
          1
        ]
      },
      {
        "date" : 753148327.673543,
        "title" : "Untitled",
        "transform" : [
          1,
          0,
          0,
          0,
          0,
          1,
          0,
          0,
          0,
          0,
          1,
          0,
          1.400109,
          1.7978364,
          2,
          1
        ]
      },
      {
        "date" : 753068731.961698,
        "title" : "Untitled",
        "transform" : [
          0.8556491,
          5.4729252e-09,
          -0.5175565,
          0,
          -0.5036815,
          0.2299979,
          -0.83270997,
          0,
          0.11903691,
          0.97319114,
          0.19679743,
          0,
          1.3213178,
          4.011757,
          -1.2195275,
          1
        ]
      },
      {
        "date" : 753068716.146912,
        "title" : "Untitled",
        "transform" : [
          0.6068422,
          4.529209e-09,
          -0.79482234,
          0,
          -0.649453,
          0.57648957,
          -0.4958535,
          0,
          0.45820674,
          0.8171045,
          0.34983817,
          0,
          2.1796036,
          3.1453445,
          -1.5115881,
          1
        ]
      },
      {
        "date" : 753068685.087108,
        "title" : "Untitled",
        "transform" : [
          0.71419984,
          3.5048107e-09,
          -0.6999418,
          0,
          -0.6159152,
          0.4750629,
          -0.62846154,
          0,
          0.33251634,
          0.8799519,
          0.3392898,
          0,
          1.8880631,
          3.4357007,
          -1.304775,
          1
        ]
      },
      {
        "date" : 753019340.292358,
        "title" : "Untitled",
        "transform" : [
          1,
          0,
          0,
          0,
          0,
          0.7071069,
          -0.70710677,
          0,
          0,
          0.70710677,
          0.7071069,
          0,
          -0.06512761,
          2.3551002,
          1.3024807,
          1
        ]
      }
    ],
    "64DCC772-D70A-4DE3-9632-7FFD57BBADFC" : [
      {
        "date" : 753282536.090489,
        "title" : "Untitled",
        "transform" : [
          0.8243597,
          -5.918521e-09,
          -0.5660664,
          0,
          -0.13756292,
          0.9700224,
          -0.20033221,
          0,
          0.549097,
          0.24301554,
          0.7996474,
          0,
          6.642583,
          5.230706,
          0.9778881,
          1
        ]
      },
      {
        "date" : 753282501.684792,
        "title" : "Untitled",
        "transform" : [
          0.99981254,
          0,
          0.019362193,
          0,
          0,
          1,
          0,
          0,
          -0.019362193,
          0,
          0.99981254,
          0,
          0.9869716,
          2.4133387,
          6.417403,
          1
        ]
      },
      {
        "date" : 753282498.809639,
        "title" : "Untitled",
        "transform" : [
          0.9892544,
          -1.0628138e-09,
          0.14620411,
          0,
          0.00041933154,
          0.99999595,
          -0.0028372838,
          0,
          -0.1462035,
          0.0028681066,
          0.98925036,
          0,
          -4.2457376,
          2.799583,
          2.2880878,
          1
        ]
      },
      {
        "date" : 753282497.460311,
        "title" : "Untitled",
        "transform" : [
          0.9860063,
          -6.1052896e-10,
          0.1667077,
          0,
          0.01648434,
          0.99509925,
          -0.09749797,
          0,
          -0.16589068,
          0.098881684,
          0.9811741,
          0,
          -4.5468616,
          4.4183435,
          1.9575176,
          1
        ]
      },
      {
        "date" : 753282490.665712,
        "title" : "Untitled",
        "transform" : [
          0.995808,
          -7.485679e-13,
          0.091468215,
          0,
          0.00041347163,
          0.9999898,
          -0.0045014364,
          0,
          -0.09146728,
          0.004520386,
          0.9957978,
          0,
          -3.2937837,
          2.8276544,
          2.2156239,
          1
        ]
      },
      {
        "date" : 753282402.108342,
        "title" : "Untitled",
        "transform" : [
          1,
          0,
          0,
          0,
          0,
          1,
          0,
          0,
          0,
          0,
          1,
          0,
          -1.726254,
          2.750836,
          2,
          1
        ]
      },
      {
        "date" : 753114654.461244,
        "title" : "Untitled",
        "transform" : [
          0.42165628,
          5.5328893e-09,
          -0.90675575,
          0,
          -0.47322556,
          0.8530136,
          -0.22005767,
          0,
          0.773475,
          0.52188873,
          0.35967857,
          0,
          0.955508,
          2.9123967,
          1.5622569,
          1
        ]
      },
      {
        "date" : 753114650.125741,
        "title" : "Untitled",
        "transform" : [
          0.42165628,
          5.5328893e-09,
          -0.90675575,
          0,
          -0.47322556,
          0.8530136,
          -0.22005767,
          0,
          0.773475,
          0.52188873,
          0.35967857,
          0,
          1.3926611,
          2.9622653,
          0.54981816,
          1
        ]
      },
      {
        "date" : 753114647.791923,
        "title" : "Untitled",
        "transform" : [
          0.4845673,
          6.7345525e-09,
          -0.87475395,
          0,
          -0.4293948,
          0.87123,
          -0.23786198,
          0,
          0.7621119,
          0.49087498,
          0.42216963,
          0,
          1.3768299,
          2.8752837,
          0.73323953,
          1
        ]
      },
      {
        "date" : 753114591.595423,
        "title" : "Untitled",
        "transform" : [
          1,
          0,
          0,
          0,
          0,
          1,
          0,
          0,
          0,
          0,
          1,
          0,
          -0.48966998,
          1.5675651,
          2.5506167,
          1
        ]
      }
    ],
    "067D3F82-8A62-4C44-A264-0586CC14AB5E" : [
      {
        "date" : 753282470.713529,
        "title" : "Untitled",
        "transform" : [
          0.9968255,
          3.430605e-10,
          0.079617076,
          0,
          0.030614842,
          0.9231141,
          -0.38330555,
          0,
          -0.07349562,
          0.38452625,
          0.92018366,
          0,
          -0.25146762,
          3.0715375,
          1.7184501,
          1
        ]
      },
      {
        "date" : 753148268.030532,
        "title" : "Untitled",
        "transform" : [
          0.9968255,
          3.430605e-10,
          0.079617076,
          0,
          0.030614842,
          0.9231141,
          -0.38330555,
          0,
          -0.07349561,
          0.3845262,
          0.92018354,
          0,
          -0.4260422,
          3.5523753,
          1.5035748,
          1
        ]
      },
      {
        "date" : 753148264.596561,
        "title" : "Untitled",
        "transform" : [
          0.9682976,
          3.2862557e-10,
          -0.24979946,
          0,
          -0.09643532,
          0.9224775,
          -0.3738122,
          0,
          0.23043437,
          0.3860509,
          0.89323264,
          0,
          1.3084953,
          3.5612938,
          0.846817,
          1
        ]
      },
      {
        "date" : 753125545.202786,
        "title" : "Untitled",
        "transform" : [
          0.99996305,
          5.4797347e-11,
          0.008598557,
          0,
          0.0027924369,
          0.9457977,
          -0.32474446,
          0,
          -0.008132494,
          0.32475644,
          0.9457627,
          0,
          -0.039623022,
          3.2000356,
          1.6293132,
          1
        ]
      },
      {
        "date" : 753125476.207298,
        "title" : "Untitled",
        "transform" : [
          0.8477548,
          1.9081739e-08,
          0.5303879,
          0,
          0.520538,
          0.1918271,
          -0.83201104,
          0,
          -0.10174287,
          0.9814286,
          0.16262232,
          0,
          -0.5256264,
          7.601532,
          -1.1137846,
          1
        ]
      },
      {
        "date" : 753125467.197788,
        "title" : "Untitled",
        "transform" : [
          0.17500123,
          -1.5657116e-09,
          0.9845682,
          0,
          0.0087951245,
          0.99996006,
          -0.0015632834,
          0,
          -0.984529,
          0.00893299,
          0.17499427,
          0,
          -6.90539,
          2.493935,
          0.12812304,
          1
        ]
      },
      {
        "date" : 753125454.269839,
        "title" : "Untitled",
        "transform" : [
          0.81348306,
          -1.4985453e-09,
          -0.5815886,
          0,
          0.09984066,
          0.9851547,
          0.13964972,
          0,
          0.5729548,
          -0.17166887,
          0.8014066,
          0,
          3.3371866,
          1.5042783,
          -0.35754037,
          1
        ]
      },
      {
        "date" : 753125443.041971,
        "title" : "Untitled",
        "transform" : [
          1,
          0,
          0,
          0,
          0,
          1,
          0,
          0,
          0,
          0,
          1,
          0,
          0.63544565,
          2.4366648,
          2.0000002,
          1
        ]
      },
      {
        "date" : 753125425.740503,
        "title" : "Untitled",
        "transform" : [
          1,
          0,
          0,
          0,
          0,
          1,
          0,
          0,
          0,
          0,
          1,
          0,
          2.7959452,
          2.1613078,
          2.0000002,
          1
        ]
      },
      {
        "date" : 753071061.015775,
        "title" : "Untitled",
        "transform" : [
          0.99983585,
          1.4226398e-11,
          0.018117972,
          0,
          0.0071714325,
          0.91832864,
          -0.39575377,
          0,
          -0.016638253,
          0.39581874,
          0.9181779,
          0,
          -2.2690363,
          2.6456854,
          0.91755104,
          1
        ]
      }
    ],
    "827FCF21-AE80-499B-8D58-D618F457FE4D" : [
      {
        "date" : 753282441.616702,
        "title" : "Untitled",
        "transform" : [
          0.7699793,
          -8.614709e-11,
          -0.63806885,
          0,
          -0.15614095,
          0.9695967,
          -0.18842058,
          0,
          0.61866945,
          0.24470863,
          0.7465694,
          0,
          2.7120724,
          2.7470567,
          0.29082394,
          1
        ]
      },
      {
        "date" : 753068517.402164,
        "title" : "Untitled",
        "transform" : [
          0.7652722,
          -3.860743e-08,
          -0.64370674,
          0,
          -0.45795232,
          0.7027569,
          -0.5444378,
          0,
          0.45236936,
          0.7114302,
          0.5378003,
          0,
          0.59327966,
          2.658897,
          0.8906895,
          1
        ]
      },
      {
        "date" : 753068497.790261,
        "title" : "Untitled",
        "transform" : [
          0.9343311,
          -2.6400652e-08,
          -0.35640624,
          0,
          -0.3128909,
          0.47883415,
          -0.8202543,
          0,
          0.17065953,
          0.8779054,
          0.44738963,
          0,
          -0.40561062,
          3.2480192,
          0.5673859,
          1
        ]
      },
      {
        "date" : 753068453.670626,
        "title" : "Untitled",
        "transform" : [
          0.0037371598,
          -1.296266e-08,
          -0.999993,
          0,
          -0.4518525,
          0.892091,
          -0.0016887079,
          0,
          0.8920848,
          0.45185572,
          0.003333828,
          0,
          2.341491,
          1.8045537,
          -0.7276057,
          1
        ]
      },
      {
        "date" : 753068437.131304,
        "title" : "Untitled",
        "transform" : [
          0.43924052,
          -1.27237945e-08,
          -0.89836955,
          0,
          -0.89678174,
          0.059426345,
          -0.43846422,
          0,
          0.053386863,
          0.99823266,
          0.026102407,
          0,
          -0.17731608,
          3.7768865,
          -0.52669775,
          1
        ]
      },
      {
        "date" : 753068432.66467,
        "title" : "Untitled",
        "transform" : [
          0.709979,
          9.458976e-10,
          -0.70422286,
          0,
          -0.50523764,
          0.69662035,
          -0.5093674,
          0,
          0.490576,
          0.71743995,
          0.49458578,
          0,
          0.8430429,
          2.7560036,
          0.7684469,
          1
        ]
      },
      {
        "date" : 753068088.179618,
        "title" : "Untitled",
        "transform" : [
          0.709979,
          9.458976e-10,
          -0.70422286,
          0,
          -0.50523764,
          0.69662035,
          -0.5093674,
          0,
          0.490576,
          0.71743995,
          0.49458578,
          0,
          0.9078188,
          2.8518002,
          0.86758256,
          1
        ]
      },
      {
        "date" : 753065369.847293,
        "title" : "Untitled",
        "transform" : [
          0.709979,
          9.458976e-10,
          -0.70422286,
          0,
          -0.50523764,
          0.69662035,
          -0.5093674,
          0,
          0.490576,
          0.71743995,
          0.49458578,
          0,
          1.3349466,
          2.3796842,
          1.1287637,
          1
        ]
      },
      {
        "date" : 753065332.734914,
        "title" : "Untitled",
        "transform" : [
          0.7169073,
          9.458976e-10,
          -0.6971685,
          0,
          -0.50017655,
          0.69662035,
          -0.514338,
          0,
          0.4856618,
          0.71744,
          0.49941224,
          0,
          0.54803634,
          2.2273455,
          -1.637997,
          1
        ]
      },
      {
        "date" : 753065323.0016,
        "title" : "Untitled",
        "transform" : [
          0.99982506,
          0,
          -0.018706188,
          0,
          -0.013227271,
          0.7071068,
          -0.70698303,
          0,
          0.01322727,
          0.7071067,
          0.70698315,
          0,
          -0.800712,
          2.1968408,
          -0.9151237,
          1
        ]
      }
    ],
    "1997C977-FC9F-4B47-941B-E8CF95426426" : [
      {
        "date" : 753114355.340344,
        "title" : "Untitled",
        "transform" : [
          0.9999678,
          0,
          0.008026036,
          0,
          0,
          1,
          0,
          0,
          -0.008026036,
          0,
          0.9999678,
          0,
          54.881577,
          -1.9061756,
          412.7515,
          1
        ]
      },
      {
        "date" : 753114349.241739,
        "title" : "Untitled",
        "transform" : [
          -0.08947571,
          1.3033468e-09,
          0.9959891,
          0,
          0.7400062,
          0.6693065,
          0.06647922,
          0,
          -0.6666219,
          0.7429863,
          -0.05988663,
          0,
          -1793.4634,
          1901.6632,
          -628.4797,
          1
        ]
      },
      {
        "date" : 753074801.35869,
        "title" : "Untitled",
        "transform" : [
          -0.08947571,
          1.3033468e-09,
          0.9959891,
          0,
          0.7400062,
          0.6693065,
          0.06647922,
          0,
          -0.6666219,
          0.7429863,
          -0.05988663,
          0,
          -1835.602,
          1886.3922,
          -348.87787,
          1
        ]
      },
      {
        "date" : 753074781.929122,
        "title" : "Untitled",
        "transform" : [
          -0.08947571,
          1.3033468e-09,
          0.9959891,
          0,
          0.7400062,
          0.6693065,
          0.06647922,
          0,
          -0.6666219,
          0.7429863,
          -0.05988663,
          0,
          -645.6061,
          1143.9452,
          -590.7012,
          1
        ]
      },
      {
        "date" : 753074759.727352,
        "title" : "Untitled",
        "transform" : [
          -0.08947571,
          1.3033468e-09,
          0.9959891,
          0,
          0.7400062,
          0.6693065,
          0.06647922,
          0,
          -0.6666219,
          0.7429863,
          -0.05988663,
          0,
          -908.1384,
          1577.5969,
          -1126.3313,
          1
        ]
      },
      {
        "date" : 753074754.613148,
        "title" : "Untitled",
        "transform" : [
          -0.18822457,
          2.7563904e-09,
          0.98212594,
          0,
          0.9346985,
          0.30700043,
          0.17913508,
          0,
          -0.30151314,
          0.95170933,
          -0.057784986,
          0,
          -433.83777,
          1730.9136,
          -1095.8523,
          1
        ]
      },
      {
        "date" : 753074709.283658,
        "title" : "Untitled",
        "transform" : [
          -0.074775495,
          1.2756081e-09,
          0.9972003,
          0,
          0.8881923,
          0.4546192,
          0.06660148,
          0,
          -0.45334646,
          0.89068586,
          -0.033994332,
          0,
          -603.95044,
          1697.6675,
          -1094.503,
          1
        ]
      },
      {
        "date" : 753074672.000212,
        "title" : "Untitled",
        "transform" : [
          0.95708174,
          0,
          0.2898182,
          0,
          0,
          1,
          0,
          0,
          -0.28981817,
          0,
          0.95708174,
          0,
          -649.291,
          667.9875,
          1194.1266,
          1
        ]
      },
      {
        "date" : 753074670.229165,
        "title" : "Untitled",
        "transform" : [
          0.95708174,
          0,
          0.2898182,
          0,
          0,
          1,
          0,
          0,
          -0.28981817,
          0,
          0.95708174,
          0,
          -708.0841,
          775.0731,
          1176.3232,
          1
        ]
      },
      {
        "date" : 753074659.266013,
        "title" : "Untitled",
        "transform" : [
          0.95708174,
          0,
          0.2898182,
          0,
          0,
          1,
          0,
          0,
          -0.28981817,
          0,
          0.95708174,
          0,
          -1071.5336,
          188.27745,
          1066.2656,
          1
        ]
      }
    ],
    "896717CB-8365-4CC9-8630-66E8E2CAF65F" : [
      {
        "date" : 753019650.882974,
        "title" : "Untitled",
        "transform" : [
          1,
          0,
          0,
          0,
          0,
          0.7071069,
          -0.70710677,
          0,
          0,
          0.70710677,
          0.7071069,
          0,
          -0.36674643,
          7.04452,
          4.969812,
          1
        ]
      }
    ],
    "CD531DE7-AA6A-4B46-BD1D-451EC2F50B5B" : [
      {
        "date" : 753282416.407981,
        "title" : "Untitled",
        "transform" : [
          1,
          0,
          0,
          0,
          0,
          1,
          0,
          0,
          0,
          0,
          1,
          0,
          -0.2298095,
          1.554038,
          0.62114304,
          1
        ]
      },
      {
        "date" : 753282412.68612,
        "title" : "Untitled",
        "transform" : [
          1,
          0,
          0,
          0,
          0,
          1,
          0,
          0,
          0,
          0,
          1,
          0,
          -0.23481813,
          1.5530363,
          0.5910913,
          1
        ]
      }
    ],
    "E61D3EDC-E945-474E-9D5F-4EDA637FBDD1" : [
      {
        "date" : 753282437.637947,
        "title" : "Untitled",
        "transform" : [
          0.99748087,
          7.5385025e-11,
          -0.07093604,
          0,
          0.019278195,
          0.96236265,
          0.27108407,
          0,
          0.0682662,
          -0.2717687,
          0.95993835,
          0,
          -0.11997591,
          1.5564243,
          1.9594634,
          1
        ]
      },
      {
        "date" : 753282434.337,
        "title" : "Untitled",
        "transform" : [
          0.9899976,
          1.2358147e-08,
          0.14108421,
          0,
          -0.066312835,
          0.8826542,
          0.46532166,
          0,
          -0.12452855,
          -0.470023,
          0.8738255,
          0,
          -0.11997591,
          1.5564243,
          1.9594634,
          1
        ]
      },
      {
        "date" : 753155691.451631,
        "title" : "Untitled",
        "transform" : [
          0.9899976,
          1.2358147e-08,
          0.14108421,
          0,
          -0.066312835,
          0.8826542,
          0.46532166,
          0,
          -0.12452855,
          -0.470023,
          0.8738255,
          0,
          0,
          1.6,
          2,
          1
        ]
      },
      {
        "date" : 753155678.942447,
        "title" : "Untitled",
        "transform" : [
          1,
          0,
          0,
          0,
          0,
          1,
          0,
          0,
          0,
          0,
          1,
          0,
          -0.055000108,
          -0.8749994,
          2,
          1
        ]
      },
      {
        "date" : 753155669.535798,
        "title" : "Untitled",
        "transform" : [
          0.9683189,
          -4.5410644e-09,
          0.24971718,
          0,
          0.057785235,
          0.9728581,
          -0.22407162,
          0,
          -0.24293935,
          0.23140274,
          0.9420368,
          0,
          -91.04117,
          74.59688,
          1.2730271,
          1
        ]
      },
      {
        "date" : 753155662.779349,
        "title" : "Untitled",
        "transform" : [
          0.9999876,
          -8.12765e-11,
          0.004972998,
          0,
          0.0018676531,
          0.9267985,
          -0.3755541,
          0,
          -0.004608968,
          0.3755588,
          0.92678714,
          0,
          -1.5437676,
          121.489746,
          13.095718,
          1
        ]
      },
      {
        "date" : 753155640.48891,
        "title" : "Untitled",
        "transform" : [
          0.9999663,
          -2.753357e-11,
          -0.008209584,
          0,
          -0.0019674692,
          0.9708581,
          -0.23964708,
          0,
          0.007970342,
          0.23965514,
          0.9708254,
          0,
          17.139626,
          176.86777,
          -10.521454,
          1
        ]
      },
      {
        "date" : 753146413.15065,
        "title" : "Untitled",
        "transform" : [
          1,
          0,
          0,
          0,
          0,
          1,
          0,
          0,
          0,
          0,
          1,
          0,
          58.905334,
          -120.20436,
          2,
          1
        ]
      },
      {
        "date" : 753124637.96643,
        "title" : "Untitled",
        "transform" : [
          0.60030735,
          3.238993e-09,
          0.79976946,
          0,
          0.5593144,
          0.7147847,
          -0.41982168,
          0,
          -0.57166284,
          0.6993446,
          0.42909044,
          0,
          -769.3036,
          907.67065,
          485.6435,
          1
        ]
      },
      {
        "date" : 753124610.641035,
        "title" : "Untitled",
        "transform" : [
          0.60030735,
          3.238993e-09,
          0.79976946,
          0,
          0.5593144,
          0.7147847,
          -0.41982168,
          0,
          -0.57166284,
          0.6993446,
          0.42909044,
          0,
          -1132.522,
          544.5177,
          593.61707,
          1
        ]
      }
    ],
    "F422DCD9-57E2-4EFB-8603-185E71D4B99B" : [
      {
        "date" : 753070939.079277,
        "title" : "Untitled",
        "transform" : [
          1,
          0,
          0,
          0,
          0,
          0.7071069,
          -0.70710677,
          0,
          0,
          0.70710677,
          0.7071069,
          0,
          -0.18273091,
          2.418294,
          1.2392865,
          1
        ]
      }
    ],
    "FB5EFB0B-BF95-4838-95B7-BD1304C8F20B" : [
      {
        "date" : 752959254.987419,
        "title" : "Untitled",
        "transform" : [
          0.9996742,
          0,
          0.025525179,
          0,
          0,
          1,
          0,
          0,
          -0.025525179,
          0,
          0.9996742,
          0,
          -6.2279024,
          -1.8319721,
          38.14724,
          1
        ]
      },
      {
        "date" : 752959243.170799,
        "title" : "Untitled",
        "transform" : [
          0.18437314,
          6.3741785e-09,
          0.9828564,
          0,
          0.23898326,
          0.9699883,
          -0.044830654,
          0,
          -0.9533591,
          0.24315186,
          0.17883971,
          0,
          -211.87427,
          22.426643,
          49.86306,
          1
        ]
      },
      {
        "date" : 752959241.786646,
        "title" : "Untitled",
        "transform" : [
          0.18437314,
          6.3741785e-09,
          0.9828564,
          0,
          0.23898326,
          0.9699883,
          -0.044830654,
          0,
          -0.9533591,
          0.24315186,
          0.17883971,
          0,
          -141.23756,
          26.636099,
          20.926678,
          1
        ]
      },
      {
        "date" : 752959230.903144,
        "title" : "Untitled",
        "transform" : [
          0.15520203,
          6.3741776e-09,
          0.9878827,
          0,
          0.2402054,
          0.96998817,
          -0.03773765,
          0,
          -0.95823467,
          0.24315186,
          0.15054409,
          0,
          -224.92839,
          21.762133,
          49.58145,
          1
        ]
      },
      {
        "date" : 752959218.355222,
        "title" : "Untitled",
        "transform" : [
          0.95577985,
          7.1188744e-09,
          -0.29408288,
          0,
          -0.1614962,
          0.83572245,
          -0.5248684,
          0,
          0.2457716,
          0.5491521,
          0.79876673,
          0,
          23.984192,
          71.07725,
          66.17873,
          1
        ]
      },
      {
        "date" : 752959209.26467,
        "title" : "Untitled",
        "transform" : [
          0.95577985,
          7.1188744e-09,
          -0.29408288,
          0,
          -0.1614962,
          0.83572245,
          -0.5248684,
          0,
          0.2457716,
          0.5491521,
          0.79876673,
          0,
          54.667442,
          71.08335,
          56.73365,
          1
        ]
      },
      {
        "date" : 752959207.540647,
        "title" : "Untitled",
        "transform" : [
          0.9525946,
          6.8892474e-09,
          -0.30424243,
          0,
          -0.11260488,
          0.92898566,
          -0.35257015,
          0,
          0.28263682,
          0.37011567,
          0.88494676,
          0,
          59.500313,
          40.928963,
          66.85922,
          1
        ]
      },
      {
        "date" : 752959195.188465,
        "title" : "Untitled",
        "transform" : [
          0.9300623,
          8.454425e-09,
          -0.3674018,
          0,
          -0.08213127,
          0.9746933,
          -0.20791185,
          0,
          0.35810408,
          0.22354619,
          0.90652555,
          0,
          68.59521,
          16.698069,
          60.94846,
          1
        ]
      },
      {
        "date" : 752959190.212456,
        "title" : "Untitled",
        "transform" : [
          0.866289,
          6.5459584e-09,
          -0.4995431,
          0,
          -0.23290887,
          0.88465625,
          -0.40390188,
          0,
          0.44192392,
          0.46624377,
          0.766368,
          0,
          0.5111957,
          2.3479376,
          0.8865006,
          1
        ]
      },
      {
        "date" : 752959184.544509,
        "title" : "Untitled",
        "transform" : [
          0.98258096,
          -4.711023e-10,
          0.18583529,
          0,
          -0.013076067,
          0.9975214,
          0.06913808,
          0,
          -0.18537465,
          -0.07036375,
          0.9801455,
          0,
          -1.1931181,
          1.1079979,
          6.9286804,
          1
        ]
      }
    ]
  },
  "sceneViewportBackgroundColors" : {
    "E61D3EDC-E945-474E-9D5F-4EDA637FBDD1" : [
      0,
      0,
      0,
      1
    ]
  },
  "selectedSceneRelativePath" : "Giraffe.usda"
}