{
  "advancedEditorSelectedIdentifier" : "ProjectBrowser",
  "openSceneRelativePaths" : [
    "esfera.usda",
    "Giraffe.usda",
    "Jellyfish.usda",
    "Blue Whale.usda",
    "Untitled Scene.usda"
  ],
  "recentIdentifiers" : {
    "64DCC772-D70A-4DE3-9632-7FFD57BBADFC" : [

    ]
  },
  "sceneCameraHistory" : {
    "4E20CB19-6E83-4619-9CA9-DC255C1169D8" : [
      {
        "date" : 753019340.292358,
        "title" : "Untitled",
        "transform" : [
          1,
          0,
          0,
          0,
          0,
          0.7071069,
          -0.70710677,
          0,
          0,
          0.70710677,
          0.7071069,
          0,
          -0.06512761,
          2.3551002,
          1.3024807,
          1
        ]
      }
    ],
    "64DCC772-D70A-4DE3-9632-7FFD57BBADFC" : [
      {
        "date" : 753020173.389056,
        "title" : "Untitled",
        "transform" : [
          1,
          0,
          0,
          0,
          0,
          1,
          0,
          0,
          0,
          0,
          1,
          0,
          -0.09678632,
          0.9547602,
          2,
          1
        ]
      },
      {
        "date" : 753020169.10478,
        "title" : "Untitled",
        "transform" : [
          1,
          0,
          0,
          0,
          0,
          1,
          0,
          0,
          0,
          0,
          1,
          0,
          99.74851,
          -5.718691,
          4.187242,
          1
        ]
      },
      {
        "date" : 753019849.821555,
        "title" : "Untitled",
        "transform" : [
          1,
          0,
          0,
          0,
          0,
          1,
          0,
          0,
          0,
          0,
          1,
          0,
          47.644012,
          -2.7314835,
          2,
          1
        ]
      },
      {
        "date" : 753019801.134665,
        "title" : "Untitled",
        "transform" : [
          0.99636877,
          7.3403283e-10,
          0.08514257,
          0,
          0.019410755,
          0.97366595,
          -0.2271516,
          0,
          -0.08290042,
          0.22797944,
          0.9701303,
          0,
          0.082900435,
          1.3720218,
          2.0298698,
          1
        ]
      },
      {
        "date" : 753019735.718466,
        "title" : "Untitled",
        "transform" : [
          0.9663503,
          1.8683526e-09,
          0.25722945,
          0,
          -0.04221421,
          0.98644185,
          0.15858883,
          0,
          -0.2537419,
          -0.16411111,
          0.95324844,
          0,
          0.23695818,
          0.6749594,
          1.6248657,
          1
        ]
      },
      {
        "date" : 753019729.104717,
        "title" : "Untitled",
        "transform" : [
          0.95327747,
          -3.798205e-08,
          0.30209613,
          0,
          -0.15527864,
          0.8577876,
          0.4899886,
          0,
          -0.25913435,
          -0.5140042,
          0.8177096,
          0,
          0.25913373,
          2.114001,
          2.1822934,
          1
        ]
      },
      {
        "date" : 753019724.820859,
        "title" : "Untitled",
        "transform" : [
          0.9992095,
          0,
          0.03975393,
          0,
          0,
          1,
          0,
          0,
          -0.039753925,
          0,
          0.9992095,
          0,
          35.688084,
          36.610653,
          10.175419,
          1
        ]
      },
      {
        "date" : 753019720.236663,
        "title" : "Untitled",
        "transform" : [
          0.99892783,
          0,
          0.046293873,
          0,
          0,
          1,
          0,
          0,
          -0.04629387,
          0,
          0.99892783,
          0,
          47.38376,
          49.062256,
          10.794281,
          1
        ]
      },
      {
        "date" : 753019715.988567,
        "title" : "Untitled",
        "transform" : [
          0.9986299,
          0,
          0.052328996,
          0,
          0,
          1,
          0,
          0,
          -0.05232899,
          0,
          0.9986299,
          0,
          -270.92245,
          -279.38754,
          -31.911472,
          1
        ]
      },
      {
        "date" : 753019708.753209,
        "title" : "Untitled",
        "transform" : [
          0.99919,
          0,
          0.04024182,
          0,
          0,
          1,
          0,
          0,
          -0.04024181,
          0,
          0.99919,
          0,
          0.41451442,
          0.7977673,
          6.0972,
          1
        ]
      }
    ],
    "1997C977-FC9F-4B47-941B-E8CF95426426" : [
      {
        "date" : 753019275.45802,
        "title" : "Untitled",
        "transform" : [
          0.99980205,
          0,
          -0.019896148,
          0,
          -0.0140686985,
          0.7071068,
          -0.70696676,
          0,
          0.014068703,
          0.70710677,
          0.70696694,
          0,
          -0.09755264,
          4.347129,
          0.9749892,
          1
        ]
      },
      {
        "date" : 753017166.48249,
        "title" : "Untitled",
        "transform" : [
          0.99980205,
          0,
          -0.019896148,
          0,
          -0.0140687,
          0.7071069,
          -0.7069668,
          0,
          0.014068703,
          0.70710677,
          0.70696694,
          0,
          0.22386804,
          2.6630137,
          0.9903093,
          1
        ]
      },
      {
        "date" : 753017162.897768,
        "title" : "Untitled",
        "transform" : [
          1,
          0,
          0,
          0,
          0,
          0.7071069,
          -0.70710677,
          0,
          0,
          0.70710677,
          0.7071069,
          0,
          0.2041204,
          2.6630137,
          0.9945674,
          1
        ]
      }
    ],
    "896717CB-8365-4CC9-8630-66E8E2CAF65F" : [
      {
        "date" : 753019650.882974,
        "title" : "Untitled",
        "transform" : [
          1,
          0,
          0,
          0,
          0,
          0.7071069,
          -0.70710677,
          0,
          0,
          0.70710677,
          0.7071069,
          0,
          -0.36674643,
          7.04452,
          4.969812,
          1
        ]
      }
    ],
    "FB5EFB0B-BF95-4838-95B7-BD1304C8F20B" : [
      {
        "date" : 752959254.987419,
        "title" : "Untitled",
        "transform" : [
          0.9996742,
          0,
          0.025525179,
          0,
          0,
          1,
          0,
          0,
          -0.025525179,
          0,
          0.9996742,
          0,
          -6.2279024,
          -1.8319721,
          38.14724,
          1
        ]
      },
      {
        "date" : 752959243.170799,
        "title" : "Untitled",
        "transform" : [
          0.18437314,
          6.3741785e-09,
          0.9828564,
          0,
          0.23898326,
          0.9699883,
          -0.044830654,
          0,
          -0.9533591,
          0.24315186,
          0.17883971,
          0,
          -211.87427,
          22.426643,
          49.86306,
          1
        ]
      },
      {
        "date" : 752959241.786646,
        "title" : "Untitled",
        "transform" : [
          0.18437314,
          6.3741785e-09,
          0.9828564,
          0,
          0.23898326,
          0.9699883,
          -0.044830654,
          0,
          -0.9533591,
          0.24315186,
          0.17883971,
          0,
          -141.23756,
          26.636099,
          20.926678,
          1
        ]
      },
      {
        "date" : 752959230.903144,
        "title" : "Untitled",
        "transform" : [
          0.15520203,
          6.3741776e-09,
          0.9878827,
          0,
          0.2402054,
          0.96998817,
          -0.03773765,
          0,
          -0.95823467,
          0.24315186,
          0.15054409,
          0,
          -224.92839,
          21.762133,
          49.58145,
          1
        ]
      },
      {
        "date" : 752959218.355222,
        "title" : "Untitled",
        "transform" : [
          0.95577985,
          7.1188744e-09,
          -0.29408288,
          0,
          -0.1614962,
          0.83572245,
          -0.5248684,
          0,
          0.2457716,
          0.5491521,
          0.79876673,
          0,
          23.984192,
          71.07725,
          66.17873,
          1
        ]
      },
      {
        "date" : 752959209.26467,
        "title" : "Untitled",
        "transform" : [
          0.95577985,
          7.1188744e-09,
          -0.29408288,
          0,
          -0.1614962,
          0.83572245,
          -0.5248684,
          0,
          0.2457716,
          0.5491521,
          0.79876673,
          0,
          54.667442,
          71.08335,
          56.73365,
          1
        ]
      },
      {
        "date" : 752959207.540647,
        "title" : "Untitled",
        "transform" : [
          0.9525946,
          6.8892474e-09,
          -0.30424243,
          0,
          -0.11260488,
          0.92898566,
          -0.35257015,
          0,
          0.28263682,
          0.37011567,
          0.88494676,
          0,
          59.500313,
          40.928963,
          66.85922,
          1
        ]
      },
      {
        "date" : 752959195.188465,
        "title" : "Untitled",
        "transform" : [
          0.9300623,
          8.454425e-09,
          -0.3674018,
          0,
          -0.08213127,
          0.9746933,
          -0.20791185,
          0,
          0.35810408,
          0.22354619,
          0.90652555,
          0,
          68.59521,
          16.698069,
          60.94846,
          1
        ]
      },
      {
        "date" : 752959190.212456,
        "title" : "Untitled",
        "transform" : [
          0.866289,
          6.5459584e-09,
          -0.4995431,
          0,
          -0.23290887,
          0.88465625,
          -0.40390188,
          0,
          0.44192392,
          0.46624377,
          0.766368,
          0,
          0.5111957,
          2.3479376,
          0.8865006,
          1
        ]
      },
      {
        "date" : 752959184.544509,
        "title" : "Untitled",
        "transform" : [
          0.98258096,
          -4.711023e-10,
          0.18583529,
          0,
          -0.013076067,
          0.9975214,
          0.06913808,
          0,
          -0.18537465,
          -0.07036375,
          0.9801455,
          0,
          -1.1931181,
          1.1079979,
          6.9286804,
          1
        ]
      }
    ]
  },
  "sceneViewportBackgroundColors" : {

  },
  "selectedSceneRelativePath" : "White Shark.usda"
}