{
  "advancedEditorSelectedIdentifier" : "ProjectBrowser",
  "openSceneRelativePaths" : [
    "Giraffe.usda",
    "Lion.usda",
    "Polar Bear.usda",
    "Musk Ox.usda",
    "Blue Whale.usda"
  ],
  "recentIdentifiers" : {
    "64DCC772-D70A-4DE3-9632-7FFD57BBADFC" : [

    ],
    "067D3F82-8A62-4C44-A264-0586CC14AB5E" : [

    ],
    "827FCF21-AE80-499B-8D58-D618F457FE4D" : [

    ],
    "1997C977-FC9F-4B47-941B-E8CF95426426" : [

    ],
    "E61D3EDC-E945-474E-9D5F-4EDA637FBDD1" : [

    ],
    "F422DCD9-57E2-4EFB-8603-185E71D4B99B" : [

    ]
  },
  "sceneCameraHistory" : {
    "4E20CB19-6E83-4619-9CA9-DC255C1169D8" : [
      {
        "date" : 753068731.961698,
        "title" : "Untitled",
        "transform" : [
          0.8556491,
          5.4729252e-09,
          -0.5175565,
          0,
          -0.5036815,
          0.2299979,
          -0.83270997,
          0,
          0.11903691,
          0.97319114,
          0.19679743,
          0,
          1.3213178,
          4.011757,
          -1.2195275,
          1
        ]
      },
      {
        "date" : 753068716.146912,
        "title" : "Untitled",
        "transform" : [
          0.6068422,
          4.529209e-09,
          -0.79482234,
          0,
          -0.649453,
          0.57648957,
          -0.4958535,
          0,
          0.45820674,
          0.8171045,
          0.34983817,
          0,
          2.1796036,
          3.1453445,
          -1.5115881,
          1
        ]
      },
      {
        "date" : 753068685.087108,
        "title" : "Untitled",
        "transform" : [
          0.71419984,
          3.5048107e-09,
          -0.6999418,
          0,
          -0.6159152,
          0.4750629,
          -0.62846154,
          0,
          0.33251634,
          0.8799519,
          0.3392898,
          0,
          1.8880631,
          3.4357007,
          -1.304775,
          1
        ]
      },
      {
        "date" : 753019340.292358,
        "title" : "Untitled",
        "transform" : [
          1,
          0,
          0,
          0,
          0,
          0.7071069,
          -0.70710677,
          0,
          0,
          0.70710677,
          0.7071069,
          0,
          -0.06512761,
          2.3551002,
          1.3024807,
          1
        ]
      }
    ],
    "64DCC772-D70A-4DE3-9632-7FFD57BBADFC" : [
      {
        "date" : 753020173.389056,
        "title" : "Untitled",
        "transform" : [
          1,
          0,
          0,
          0,
          0,
          1,
          0,
          0,
          0,
          0,
          1,
          0,
          -0.09678632,
          0.9547602,
          2,
          1
        ]
      },
      {
        "date" : 753020169.10478,
        "title" : "Untitled",
        "transform" : [
          1,
          0,
          0,
          0,
          0,
          1,
          0,
          0,
          0,
          0,
          1,
          0,
          99.74851,
          -5.718691,
          4.187242,
          1
        ]
      },
      {
        "date" : 753019849.821555,
        "title" : "Untitled",
        "transform" : [
          1,
          0,
          0,
          0,
          0,
          1,
          0,
          0,
          0,
          0,
          1,
          0,
          47.644012,
          -2.7314835,
          2,
          1
        ]
      },
      {
        "date" : 753019801.134665,
        "title" : "Untitled",
        "transform" : [
          0.99636877,
          7.3403283e-10,
          0.08514257,
          0,
          0.019410755,
          0.97366595,
          -0.2271516,
          0,
          -0.08290042,
          0.22797944,
          0.9701303,
          0,
          0.082900435,
          1.3720218,
          2.0298698,
          1
        ]
      },
      {
        "date" : 753019735.718466,
        "title" : "Untitled",
        "transform" : [
          0.9663503,
          1.8683526e-09,
          0.25722945,
          0,
          -0.04221421,
          0.98644185,
          0.15858883,
          0,
          -0.2537419,
          -0.16411111,
          0.95324844,
          0,
          0.23695818,
          0.6749594,
          1.6248657,
          1
        ]
      },
      {
        "date" : 753019729.104717,
        "title" : "Untitled",
        "transform" : [
          0.95327747,
          -3.798205e-08,
          0.30209613,
          0,
          -0.15527864,
          0.8577876,
          0.4899886,
          0,
          -0.25913435,
          -0.5140042,
          0.8177096,
          0,
          0.25913373,
          2.114001,
          2.1822934,
          1
        ]
      },
      {
        "date" : 753019724.820859,
        "title" : "Untitled",
        "transform" : [
          0.9992095,
          0,
          0.03975393,
          0,
          0,
          1,
          0,
          0,
          -0.039753925,
          0,
          0.9992095,
          0,
          35.688084,
          36.610653,
          10.175419,
          1
        ]
      },
      {
        "date" : 753019720.236663,
        "title" : "Untitled",
        "transform" : [
          0.99892783,
          0,
          0.046293873,
          0,
          0,
          1,
          0,
          0,
          -0.04629387,
          0,
          0.99892783,
          0,
          47.38376,
          49.062256,
          10.794281,
          1
        ]
      },
      {
        "date" : 753019715.988567,
        "title" : "Untitled",
        "transform" : [
          0.9986299,
          0,
          0.052328996,
          0,
          0,
          1,
          0,
          0,
          -0.05232899,
          0,
          0.9986299,
          0,
          -270.92245,
          -279.38754,
          -31.911472,
          1
        ]
      },
      {
        "date" : 753019708.753209,
        "title" : "Untitled",
        "transform" : [
          0.99919,
          0,
          0.04024182,
          0,
          0,
          1,
          0,
          0,
          -0.04024181,
          0,
          0.99919,
          0,
          0.41451442,
          0.7977673,
          6.0972,
          1
        ]
      }
    ],
    "067D3F82-8A62-4C44-A264-0586CC14AB5E" : [
      {
        "date" : 753071061.015775,
        "title" : "Untitled",
        "transform" : [
          0.99983585,
          1.4226398e-11,
          0.018117972,
          0,
          0.0071714325,
          0.91832864,
          -0.39575377,
          0,
          -0.016638253,
          0.39581874,
          0.9181779,
          0,
          -2.2690363,
          2.6456854,
          0.91755104,
          1
        ]
      },
      {
        "date" : 753067373.195356,
        "title" : "Untitled",
        "transform" : [
          0.99983585,
          2.2916496e-10,
          0.018117972,
          0,
          0.007171432,
          0.91832864,
          -0.39575377,
          0,
          -0.016638258,
          0.39581877,
          0.91817796,
          0,
          -0.4339203,
          3.9199858,
          1.5080662,
          1
        ]
      },
      {
        "date" : 753067348.666869,
        "title" : "Untitled",
        "transform" : [
          0.99983585,
          2.2916496e-10,
          0.018117972,
          0,
          0.007171432,
          0.91832864,
          -0.39575377,
          0,
          -0.016638258,
          0.39581877,
          0.91817796,
          0,
          -1.380835,
          4.1378307,
          1.396996,
          1
        ]
      },
      {
        "date" : 753067307.816938,
        "title" : "Untitled",
        "transform" : [
          0.99983585,
          2.2916496e-10,
          0.018117972,
          0,
          0.007171432,
          0.91832864,
          -0.39575377,
          0,
          -0.016638257,
          0.3958187,
          0.91817784,
          0,
          -0.7431398,
          3.9078782,
          1.5076823,
          1
        ]
      },
      {
        "date" : 753067306.166916,
        "title" : "Untitled",
        "transform" : [
          0.99983585,
          1.9041968e-10,
          0.018117972,
          0,
          0.006116567,
          0.94129086,
          -0.33754128,
          0,
          -0.017054284,
          0.33759668,
          0.9411363,
          0,
          -0.7472472,
          3.3330567,
          1.734349,
          1
        ]
      },
      {
        "date" : 753067295.825705,
        "title" : "Untitled",
        "transform" : [
          0.9999548,
          0,
          0.009506081,
          0,
          0,
          1,
          0,
          0,
          -0.009506081,
          0,
          0.9999548,
          0,
          -0.70655864,
          1.2472386,
          2.528307,
          1
        ]
      },
      {
        "date" : 753067288.990965,
        "title" : "Untitled",
        "transform" : [
          1,
          0,
          0,
          0,
          0,
          1,
          0,
          0,
          0,
          0,
          1,
          0,
          -0.5384748,
          0.9840498,
          1.9999999,
          1
        ]
      },
      {
        "date" : 753067286.286624,
        "title" : "Untitled",
        "transform" : [
          1,
          0,
          0,
          0,
          0,
          1,
          0,
          0,
          0,
          0,
          1,
          0,
          -0.4233582,
          1.0919706,
          2,
          1
        ]
      },
      {
        "date" : 753060637.269296,
        "title" : "Untitled",
        "transform" : [
          1,
          0,
          0,
          0,
          0,
          0.7071069,
          -0.70710677,
          0,
          0,
          0.70710677,
          0.7071069,
          0,
          -0.21108085,
          3.3402264,
          0.31735492,
          1
        ]
      }
    ],
    "827FCF21-AE80-499B-8D58-D618F457FE4D" : [
      {
        "date" : 753068517.402164,
        "title" : "Untitled",
        "transform" : [
          0.7652722,
          -3.860743e-08,
          -0.64370674,
          0,
          -0.45795232,
          0.7027569,
          -0.5444378,
          0,
          0.45236936,
          0.7114302,
          0.5378003,
          0,
          0.59327966,
          2.658897,
          0.8906895,
          1
        ]
      },
      {
        "date" : 753068497.790261,
        "title" : "Untitled",
        "transform" : [
          0.9343311,
          -2.6400652e-08,
          -0.35640624,
          0,
          -0.3128909,
          0.47883415,
          -0.8202543,
          0,
          0.17065953,
          0.8779054,
          0.44738963,
          0,
          -0.40561062,
          3.2480192,
          0.5673859,
          1
        ]
      },
      {
        "date" : 753068453.670626,
        "title" : "Untitled",
        "transform" : [
          0.0037371598,
          -1.296266e-08,
          -0.999993,
          0,
          -0.4518525,
          0.892091,
          -0.0016887079,
          0,
          0.8920848,
          0.45185572,
          0.003333828,
          0,
          2.341491,
          1.8045537,
          -0.7276057,
          1
        ]
      },
      {
        "date" : 753068437.131304,
        "title" : "Untitled",
        "transform" : [
          0.43924052,
          -1.27237945e-08,
          -0.89836955,
          0,
          -0.89678174,
          0.059426345,
          -0.43846422,
          0,
          0.053386863,
          0.99823266,
          0.026102407,
          0,
          -0.17731608,
          3.7768865,
          -0.52669775,
          1
        ]
      },
      {
        "date" : 753068432.66467,
        "title" : "Untitled",
        "transform" : [
          0.709979,
          9.458976e-10,
          -0.70422286,
          0,
          -0.50523764,
          0.69662035,
          -0.5093674,
          0,
          0.490576,
          0.71743995,
          0.49458578,
          0,
          0.8430429,
          2.7560036,
          0.7684469,
          1
        ]
      },
      {
        "date" : 753068088.179618,
        "title" : "Untitled",
        "transform" : [
          0.709979,
          9.458976e-10,
          -0.70422286,
          0,
          -0.50523764,
          0.69662035,
          -0.5093674,
          0,
          0.490576,
          0.71743995,
          0.49458578,
          0,
          0.9078188,
          2.8518002,
          0.86758256,
          1
        ]
      },
      {
        "date" : 753065369.847293,
        "title" : "Untitled",
        "transform" : [
          0.709979,
          9.458976e-10,
          -0.70422286,
          0,
          -0.50523764,
          0.69662035,
          -0.5093674,
          0,
          0.490576,
          0.71743995,
          0.49458578,
          0,
          1.3349466,
          2.3796842,
          1.1287637,
          1
        ]
      },
      {
        "date" : 753065332.734914,
        "title" : "Untitled",
        "transform" : [
          0.7169073,
          9.458976e-10,
          -0.6971685,
          0,
          -0.50017655,
          0.69662035,
          -0.514338,
          0,
          0.4856618,
          0.71744,
          0.49941224,
          0,
          0.54803634,
          2.2273455,
          -1.637997,
          1
        ]
      },
      {
        "date" : 753065323.0016,
        "title" : "Untitled",
        "transform" : [
          0.99982506,
          0,
          -0.018706188,
          0,
          -0.013227271,
          0.7071068,
          -0.70698303,
          0,
          0.01322727,
          0.7071067,
          0.70698315,
          0,
          -0.800712,
          2.1968408,
          -0.9151237,
          1
        ]
      },
      {
        "date" : 753065318.732692,
        "title" : "Untitled",
        "transform" : [
          0.9983371,
          0,
          -0.05764625,
          0,
          -0.040762052,
          0.7071068,
          -0.7059309,
          0,
          0.040762056,
          0.7071067,
          0.705931,
          0,
          -0.41673273,
          1.5551553,
          -1.7798251,
          1
        ]
      }
    ],
    "1997C977-FC9F-4B47-941B-E8CF95426426" : [
      {
        "date" : 753074801.35869,
        "title" : "Untitled",
        "transform" : [
          -0.08947571,
          1.3033468e-09,
          0.9959891,
          0,
          0.7400062,
          0.6693065,
          0.06647922,
          0,
          -0.6666219,
          0.7429863,
          -0.05988663,
          0,
          -1835.602,
          1886.3922,
          -348.87787,
          1
        ]
      },
      {
        "date" : 753074781.929122,
        "title" : "Untitled",
        "transform" : [
          -0.08947571,
          1.3033468e-09,
          0.9959891,
          0,
          0.7400062,
          0.6693065,
          0.06647922,
          0,
          -0.6666219,
          0.7429863,
          -0.05988663,
          0,
          -645.6061,
          1143.9452,
          -590.7012,
          1
        ]
      },
      {
        "date" : 753074759.727352,
        "title" : "Untitled",
        "transform" : [
          -0.08947571,
          1.3033468e-09,
          0.9959891,
          0,
          0.7400062,
          0.6693065,
          0.06647922,
          0,
          -0.6666219,
          0.7429863,
          -0.05988663,
          0,
          -908.1384,
          1577.5969,
          -1126.3313,
          1
        ]
      },
      {
        "date" : 753074754.613148,
        "title" : "Untitled",
        "transform" : [
          -0.18822457,
          2.7563904e-09,
          0.98212594,
          0,
          0.9346985,
          0.30700043,
          0.17913508,
          0,
          -0.30151314,
          0.95170933,
          -0.057784986,
          0,
          -433.83777,
          1730.9136,
          -1095.8523,
          1
        ]
      },
      {
        "date" : 753074709.283658,
        "title" : "Untitled",
        "transform" : [
          -0.074775495,
          1.2756081e-09,
          0.9972003,
          0,
          0.8881923,
          0.4546192,
          0.06660148,
          0,
          -0.45334646,
          0.89068586,
          -0.033994332,
          0,
          -603.95044,
          1697.6675,
          -1094.503,
          1
        ]
      },
      {
        "date" : 753074672.000212,
        "title" : "Untitled",
        "transform" : [
          0.95708174,
          0,
          0.2898182,
          0,
          0,
          1,
          0,
          0,
          -0.28981817,
          0,
          0.95708174,
          0,
          -649.291,
          667.9875,
          1194.1266,
          1
        ]
      },
      {
        "date" : 753074670.229165,
        "title" : "Untitled",
        "transform" : [
          0.95708174,
          0,
          0.2898182,
          0,
          0,
          1,
          0,
          0,
          -0.28981817,
          0,
          0.95708174,
          0,
          -708.0841,
          775.0731,
          1176.3232,
          1
        ]
      },
      {
        "date" : 753074659.266013,
        "title" : "Untitled",
        "transform" : [
          0.95708174,
          0,
          0.2898182,
          0,
          0,
          1,
          0,
          0,
          -0.28981817,
          0,
          0.95708174,
          0,
          -1071.5336,
          188.27745,
          1066.2656,
          1
        ]
      },
      {
        "date" : 753074655.123369,
        "title" : "Untitled",
        "transform" : [
          0.9899179,
          0,
          0.14164242,
          0,
          0,
          1,
          0,
          0,
          -0.14164239,
          0,
          0.9899179,
          0,
          -809.9584,
          177.8457,
          2601.394,
          1
        ]
      },
      {
        "date" : 753074650.303357,
        "title" : "Untitled",
        "transform" : [
          0.9899179,
          0,
          0.14164242,
          0,
          0,
          1,
          0,
          0,
          -0.14164239,
          0,
          0.9899179,
          0,
          329.82666,
          731.59595,
          2764.4802,
          1
        ]
      }
    ],
    "896717CB-8365-4CC9-8630-66E8E2CAF65F" : [
      {
        "date" : 753019650.882974,
        "title" : "Untitled",
        "transform" : [
          1,
          0,
          0,
          0,
          0,
          0.7071069,
          -0.70710677,
          0,
          0,
          0.70710677,
          0.7071069,
          0,
          -0.36674643,
          7.04452,
          4.969812,
          1
        ]
      }
    ],
    "E61D3EDC-E945-474E-9D5F-4EDA637FBDD1" : [
      {
        "date" : 753075363.715331,
        "title" : "Untitled",
        "transform" : [
          0.6533104,
          -7.656263e-09,
          -0.75709015,
          0,
          -0.6966736,
          0.39145103,
          -0.60117555,
          0,
          0.29636365,
          0.9201989,
          0.25573903,
          0,
          168.36812,
          611.10315,
          -347.24115,
          1
        ]
      },
      {
        "date" : 753074830.636053,
        "title" : "Untitled",
        "transform" : [
          0.6533104,
          -7.656263e-09,
          -0.75709015,
          0,
          -0.6966736,
          0.39145103,
          -0.60117555,
          0,
          0.29636365,
          0.9201989,
          0.25573903,
          0,
          153.78438,
          646.03906,
          -456.04718,
          1
        ]
      },
      {
        "date" : 753068892.658762,
        "title" : "Untitled",
        "transform" : [
          0.6533104,
          -7.656263e-09,
          -0.75709015,
          0,
          -0.6966736,
          0.39145103,
          -0.60117555,
          0,
          0.29636368,
          0.92019904,
          0.25573906,
          0,
          244.99873,
          656.45355,
          -599.22394,
          1
        ]
      },
      {
        "date" : 753068883.14985,
        "title" : "Untitled",
        "transform" : [
          0.71217954,
          -3.0434322e-10,
          0.7019974,
          0,
          0.19482961,
          0.96071523,
          -0.19765553,
          0,
          -0.6744196,
          0.2775361,
          0.6842017,
          0,
          -447.57214,
          197.97183,
          -293.67877,
          1
        ]
      },
      {
        "date" : 753068065.543192,
        "title" : "Untitled",
        "transform" : [
          1,
          0,
          0,
          0,
          0,
          1,
          0,
          0,
          0,
          0,
          1,
          0,
          -9.776688,
          33.367966,
          2,
          1
        ]
      },
      {
        "date" : 753068026.04978,
        "title" : "Untitled",
        "transform" : [
          0.98702663,
          0,
          0.16055694,
          0,
          0,
          1,
          0,
          0,
          -0.16055694,
          0,
          0.98702663,
          0,
          -1223.6223,
          1862.9822,
          4219.405,
          1
        ]
      },
      {
        "date" : 753068010.822051,
        "title" : "Untitled",
        "transform" : [
          1,
          0,
          0,
          0,
          0,
          1,
          0,
          0,
          0,
          0,
          1,
          0,
          7.3401337,
          87.24509,
          2,
          1
        ]
      },
      {
        "date" : 753068004.563849,
        "title" : "Untitled",
        "transform" : [
          0.8610351,
          -1.4178012e-08,
          0.50854546,
          0,
          0.50147355,
          0.16618946,
          -0.84906137,
          0,
          -0.08451495,
          0.9860939,
          0.14309497,
          0,
          -1523.5156,
          1839.4741,
          -1.7973022,
          1
        ]
      },
      {
        "date" : 753067990.47996,
        "title" : "Untitled",
        "transform" : [
          0.85970527,
          -1.4178012e-08,
          0.5107904,
          0,
          0.50368726,
          0.16618946,
          -0.84775,
          0,
          -0.08488804,
          0.9860939,
          0.14287396,
          0,
          -383.31097,
          3365.0276,
          -695.7838,
          1
        ]
      },
      {
        "date" : 753067962.022187,
        "title" : "Untitled",
        "transform" : [
          0.8580248,
          -1.417801e-08,
          0.513608,
          0,
          0.50646573,
          0.16618946,
          -0.846093,
          0,
          -0.085356295,
          0.98609376,
          0.14259468,
          0,
          -463.98654,
          4643.0273,
          -781.1282,
          1
        ]
      }
    ],
    "F422DCD9-57E2-4EFB-8603-185E71D4B99B" : [
      {
        "date" : 753070939.079277,
        "title" : "Untitled",
        "transform" : [
          1,
          0,
          0,
          0,
          0,
          0.7071069,
          -0.70710677,
          0,
          0,
          0.70710677,
          0.7071069,
          0,
          -0.18273091,
          2.418294,
          1.2392865,
          1
        ]
      }
    ],
    "FB5EFB0B-BF95-4838-95B7-BD1304C8F20B" : [
      {
        "date" : 752959254.987419,
        "title" : "Untitled",
        "transform" : [
          0.9996742,
          0,
          0.025525179,
          0,
          0,
          1,
          0,
          0,
          -0.025525179,
          0,
          0.9996742,
          0,
          -6.2279024,
          -1.8319721,
          38.14724,
          1
        ]
      },
      {
        "date" : 752959243.170799,
        "title" : "Untitled",
        "transform" : [
          0.18437314,
          6.3741785e-09,
          0.9828564,
          0,
          0.23898326,
          0.9699883,
          -0.044830654,
          0,
          -0.9533591,
          0.24315186,
          0.17883971,
          0,
          -211.87427,
          22.426643,
          49.86306,
          1
        ]
      },
      {
        "date" : 752959241.786646,
        "title" : "Untitled",
        "transform" : [
          0.18437314,
          6.3741785e-09,
          0.9828564,
          0,
          0.23898326,
          0.9699883,
          -0.044830654,
          0,
          -0.9533591,
          0.24315186,
          0.17883971,
          0,
          -141.23756,
          26.636099,
          20.926678,
          1
        ]
      },
      {
        "date" : 752959230.903144,
        "title" : "Untitled",
        "transform" : [
          0.15520203,
          6.3741776e-09,
          0.9878827,
          0,
          0.2402054,
          0.96998817,
          -0.03773765,
          0,
          -0.95823467,
          0.24315186,
          0.15054409,
          0,
          -224.92839,
          21.762133,
          49.58145,
          1
        ]
      },
      {
        "date" : 752959218.355222,
        "title" : "Untitled",
        "transform" : [
          0.95577985,
          7.1188744e-09,
          -0.29408288,
          0,
          -0.1614962,
          0.83572245,
          -0.5248684,
          0,
          0.2457716,
          0.5491521,
          0.79876673,
          0,
          23.984192,
          71.07725,
          66.17873,
          1
        ]
      },
      {
        "date" : 752959209.26467,
        "title" : "Untitled",
        "transform" : [
          0.95577985,
          7.1188744e-09,
          -0.29408288,
          0,
          -0.1614962,
          0.83572245,
          -0.5248684,
          0,
          0.2457716,
          0.5491521,
          0.79876673,
          0,
          54.667442,
          71.08335,
          56.73365,
          1
        ]
      },
      {
        "date" : 752959207.540647,
        "title" : "Untitled",
        "transform" : [
          0.9525946,
          6.8892474e-09,
          -0.30424243,
          0,
          -0.11260488,
          0.92898566,
          -0.35257015,
          0,
          0.28263682,
          0.37011567,
          0.88494676,
          0,
          59.500313,
          40.928963,
          66.85922,
          1
        ]
      },
      {
        "date" : 752959195.188465,
        "title" : "Untitled",
        "transform" : [
          0.9300623,
          8.454425e-09,
          -0.3674018,
          0,
          -0.08213127,
          0.9746933,
          -0.20791185,
          0,
          0.35810408,
          0.22354619,
          0.90652555,
          0,
          68.59521,
          16.698069,
          60.94846,
          1
        ]
      },
      {
        "date" : 752959190.212456,
        "title" : "Untitled",
        "transform" : [
          0.866289,
          6.5459584e-09,
          -0.4995431,
          0,
          -0.23290887,
          0.88465625,
          -0.40390188,
          0,
          0.44192392,
          0.46624377,
          0.766368,
          0,
          0.5111957,
          2.3479376,
          0.8865006,
          1
        ]
      },
      {
        "date" : 752959184.544509,
        "title" : "Untitled",
        "transform" : [
          0.98258096,
          -4.711023e-10,
          0.18583529,
          0,
          -0.013076067,
          0.9975214,
          0.06913808,
          0,
          -0.18537465,
          -0.07036375,
          0.9801455,
          0,
          -1.1931181,
          1.1079979,
          6.9286804,
          1
        ]
      }
    ]
  },
  "sceneViewportBackgroundColors" : {
    "E61D3EDC-E945-474E-9D5F-4EDA637FBDD1" : [
      0,
      0,
      0,
      1
    ]
  },
  "selectedSceneRelativePath" : "Giraffe.usda"
}