{
  "advancedEditorSelectedIdentifier" : "ProjectBrowser",
  "openSceneRelativePaths" : [
    "esfera.usda"
  ],
  "recentIdentifiers" : {
    "01FCC108-5D47-4E07-84B5-94AC772D5C71" : [

    ],
    "8D14D95D-FB11-405C-8907-7F00AD21935E" : [

    ],
    "22F5B657-B688-43C4-8129-F5AE2E85978A" : [

    ],
    "27DFA69F-F4BA-469D-92AA-1E67D76B37CC" : [

    ],
    "64DCC772-D70A-4DE3-9632-7FFD57BBADFC" : [

    ],
    "FB5EFB0B-BF95-4838-95B7-BD1304C8F20B" : [

    ]
  },
  "sceneCameraHistory" : {
    "01FCC108-5D47-4E07-84B5-94AC772D5C71" : [
      {
        "date" : 752673987.838145,
        "title" : "Untitled",
        "transform" : [
          -0.97825515,
          1.7962714e-08,
          -0.2074049,
          0,
          -0.09151062,
          0.8974003,
          0.4316231,
          0,
          0.18612526,
          0.4412174,
          -0.8778864,
          0,
          -9.787627,
          -38.809845,
          88.57169,
          1
        ]
      },
      {
        "date" : 752673924.455668,
        "title" : "Untitled",
        "transform" : [
          -0.97825515,
          1.7962714e-08,
          -0.2074049,
          0,
          -0.09151062,
          0.8974003,
          0.4316231,
          0,
          0.18612526,
          0.4412174,
          -0.8778864,
          0,
          -2.7408037,
          -10.791754,
          22.61229,
          1
        ]
      },
      {
        "date" : 752673921.187677,
        "title" : "Untitled",
        "transform" : [
          -0.97825515,
          1.7962714e-08,
          -0.2074049,
          0,
          -0.09151062,
          0.8974003,
          0.4316231,
          0,
          0.18612526,
          0.4412174,
          -0.8778864,
          0,
          -0.38870624,
          -1.4475989,
          1.9587431,
          1
        ]
      },
      {
        "date" : 752673879.612155,
        "title" : "Untitled",
        "transform" : [
          -0.97825515,
          1.7962714e-08,
          -0.2074049,
          0,
          -0.09151062,
          0.8974003,
          0.4316231,
          0,
          0.18612526,
          0.4412174,
          -0.8778864,
          0,
          0.009526186,
          0.13445522,
          -1.5380985,
          1
        ]
      },
      {
        "date" : 752673873.215085,
        "title" : "Untitled",
        "transform" : [
          -0.99080205,
          1.9255983e-08,
          -0.13531895,
          0,
          -0.041011184,
          0.9529681,
          0.30028296,
          0,
          0.1289547,
          0.30307063,
          -0.94420266,
          0,
          0.19366904,
          0.5660766,
          -3.03416,
          1
        ]
      },
      {
        "date" : 752673868.286242,
        "title" : "Untitled",
        "transform" : [
          -0.99487567,
          1.8993623e-08,
          -0.10110648,
          0,
          -0.029225549,
          0.95731187,
          0.28757602,
          0,
          0.09679044,
          0.28905728,
          -0.95240617,
          0,
          0.23808563,
          0.85196275,
          -4.077678,
          1
        ]
      },
      {
        "date" : 752673855.760375,
        "title" : "Untitled",
        "transform" : [
          -0.99487567,
          1.8993623e-08,
          -0.10110648,
          0,
          -0.029225549,
          0.95731187,
          0.28757602,
          0,
          0.09679044,
          0.28905728,
          -0.95240617,
          0,
          0.46507907,
          1.5298618,
          -6.311262,
          1
        ]
      },
      {
        "date" : 752673851.516647,
        "title" : "Untitled",
        "transform" : [
          -0.9997871,
          1.8542405e-08,
          0.020631615,
          0,
          0.0101682255,
          0.8701166,
          0.49274108,
          0,
          -0.017951902,
          0.49284598,
          -0.86993134,
          0,
          -0.11548569,
          2.5600703,
          -5.8816795,
          1
        ]
      },
      {
        "date" : 752673849.764435,
        "title" : "Untitled",
        "transform" : [
          -0.99978715,
          1.8243071e-08,
          0.020631619,
          0,
          0.010921617,
          0.84839594,
          0.52924967,
          0,
          -0.017503764,
          0.5293624,
          -0.8482153,
          0,
          -0.09540845,
          1.370726,
          -5.077114,
          1
        ]
      },
      {
        "date" : 752673846.855152,
        "title" : "Untitled",
        "transform" : [
          -0.9988286,
          1.8118609e-08,
          0.04838768,
          0,
          0.04013853,
          0.558478,
          0.8285477,
          0,
          -0.027023425,
          0.82951933,
          -0.55782366,
          0,
          -0.116589405,
          2.0887163,
          -4.3364253,
          1
        ]
      }
    ],
    "6BF16806-4AED-4C5C-B7D4-C1A16FDA6B91" : [
      {
        "date" : 752763726.320478,
        "title" : "Untitled",
        "transform" : [
          1,
          0,
          0,
          0,
          0,
          0.7071069,
          -0.70710677,
          0,
          0,
          0.70710677,
          0.7071069,
          0,
          0,
          1.1902907,
          1.1902907,
          1
        ]
      },
      {
        "date" : 752763719.241663,
        "title" : "Untitled",
        "transform" : [
          1,
          0,
          0,
          0,
          0,
          0.7071069,
          -0.70710677,
          0,
          0,
          0.70710677,
          0.7071069,
          0,
          0,
          34.337925,
          34.337925,
          1
        ]
      }
    ],
    "8D14D95D-FB11-405C-8907-7F00AD21935E" : [
      {
        "date" : 752682921.678375,
        "title" : "Untitled",
        "transform" : [
          -0.26188207,
          -1.6518323e-08,
          -0.96509993,
          0,
          -0.3171925,
          0.9444473,
          0.086070895,
          0,
          0.91148597,
          0.32866284,
          -0.24733384,
          0,
          370.20255,
          111.56559,
          -86.105995,
          1
        ]
      },
      {
        "date" : 752682918.41724,
        "title" : "Untitled",
        "transform" : [
          -0.26188207,
          -1.6518323e-08,
          -0.96509993,
          0,
          -0.3171925,
          0.9444473,
          0.086070895,
          0,
          0.9114861,
          0.32866287,
          -0.24733387,
          0,
          379.32913,
          91.13154,
          -79.62556,
          1
        ]
      },
      {
        "date" : 752682829.160281,
        "title" : "Untitled",
        "transform" : [
          -0.09676801,
          -1.6467169e-08,
          -0.995307,
          0,
          -0.4970108,
          0.86639786,
          0.048321508,
          0,
          0.8623319,
          0.49935433,
          -0.08383966,
          0,
          363.57114,
          161.83095,
          -12.749023,
          1
        ]
      },
      {
        "date" : 752682825.048185,
        "title" : "Untitled",
        "transform" : [
          -0.09676801,
          -1.6467169e-08,
          -0.995307,
          0,
          -0.4970108,
          0.86639786,
          0.048321508,
          0,
          0.8623319,
          0.49935433,
          -0.08383966,
          0,
          1003.93805,
          446.86786,
          -35.204193,
          1
        ]
      },
      {
        "date" : 752682780.795229,
        "title" : "Untitled",
        "transform" : [
          -0.09676801,
          -1.6467169e-08,
          -0.995307,
          0,
          -0.4970108,
          0.86639786,
          0.048321508,
          0,
          0.8623319,
          0.49935433,
          -0.08383966,
          0,
          941.11053,
          545.9101,
          -91.513855,
          1
        ]
      },
      {
        "date" : 752682776.946889,
        "title" : "Untitled",
        "transform" : [
          -0.096767865,
          -5.137978e-09,
          -0.99530697,
          0,
          -0.283476,
          0.95858324,
          0.027560677,
          0,
          0.9540846,
          0.28481245,
          -0.09276032,
          0,
          6.933607,
          2.2054074,
          0.6901681,
          1
        ]
      },
      {
        "date" : 752682769.910429,
        "title" : "Untitled",
        "transform" : [
          0.7512724,
          -5.167413e-09,
          -0.6599922,
          0,
          -0.19578159,
          0.95498866,
          -0.2228592,
          0,
          0.6302853,
          0.29664212,
          0.71745646,
          0,
          2.6427228,
          1.7039685,
          6.9805164,
          1
        ]
      },
      {
        "date" : 752682762.629049,
        "title" : "Untitled",
        "transform" : [
          0.7512725,
          -5.1674136e-09,
          -0.6599923,
          0,
          -0.19578159,
          0.95498866,
          -0.2228592,
          0,
          0.6302853,
          0.29664212,
          0.71745646,
          0,
          1.3660719,
          0.3053772,
          3.5575893,
          1
        ]
      },
      {
        "date" : 752682702.663385,
        "title" : "Untitled",
        "transform" : [
          0.916755,
          -1.202944e-08,
          -0.39945006,
          0,
          -0.1605965,
          0.9156203,
          -0.36857596,
          0,
          0.36574474,
          0.40204394,
          0.8393994,
          0,
          -0.23345432,
          0.9483008,
          8.331994,
          1
        ]
      },
      {
        "date" : 752682685.350737,
        "title" : "Untitled",
        "transform" : [
          0.12602063,
          -4.867829e-09,
          -0.99202764,
          0,
          -0.61116904,
          0.787683,
          -0.07763892,
          0,
          0.78140354,
          0.6160806,
          0.09926415,
          0,
          8.233165,
          4.0944023,
          4.6165934,
          1
        ]
      }
    ],
    "17DFFFB9-CDE8-4C58-9B64-AD0E75634805" : [
      {
        "date" : 752598204.013334,
        "title" : "Untitled",
        "transform" : [
          0.020677103,
          -2.2593403e-08,
          0.9997862,
          0,
          -0.16019462,
          0.98707986,
          0.0033130676,
          0,
          -0.9868688,
          -0.1602289,
          0.020409962,
          0,
          -2.7937465,
          -0.38607967,
          0.35455698,
          1
        ]
      },
      {
        "date" : 752598188.476666,
        "title" : "Untitled",
        "transform" : [
          0.88970613,
          -2.257871e-08,
          0.45653367,
          0,
          -0.046885006,
          0.9947126,
          0.091370866,
          0,
          -0.45411977,
          -0.10269781,
          0.8850019,
          0,
          -1.193924,
          -0.23851874,
          2.4262495,
          1
        ]
      }
    ],
    "22F5B657-B688-43C4-8129-F5AE2E85978A" : [
      {
        "date" : 752597451.964468,
        "title" : "Untitled",
        "transform" : [
          0.14917134,
          -4.5781597e-08,
          -0.9888113,
          0,
          -0.051233683,
          0.99865675,
          -0.0077290973,
          0,
          0.98748314,
          0.051813405,
          0.14897098,
          0,
          1.5359464,
          0.6328175,
          -0.20132256,
          1
        ]
      },
      {
        "date" : 752597426.605192,
        "title" : "Untitled",
        "transform" : [
          -0.9378321,
          -4.756953e-08,
          0.34708905,
          0,
          -0.07875887,
          0.97391516,
          -0.21280587,
          0,
          -0.3380353,
          -0.22691254,
          -0.91336894,
          0,
          -0.8820833,
          0.22775877,
          -1.1408588,
          1
        ]
      },
      {
        "date" : 752597423.498568,
        "title" : "Untitled",
        "transform" : [
          -0.9306886,
          -5.1057956e-08,
          0.36581215,
          0,
          0.031103304,
          0.99637884,
          0.07913217,
          0,
          -0.3644875,
          0.08502536,
          -0.9273185,
          0,
          -0.85441256,
          0.64169383,
          -0.99484277,
          1
        ]
      },
      {
        "date" : 752597398.564314,
        "title" : "Untitled",
        "transform" : [
          -0.95141023,
          -5.1057956e-08,
          0.30792606,
          0,
          0.026181515,
          0.99637884,
          0.08089403,
          0,
          -0.306811,
          0.08502536,
          -0.9479651,
          0,
          -1.3605083,
          0.90257704,
          -4.0592914,
          1
        ]
      },
      {
        "date" : 752597392.329374,
        "title" : "Untitled",
        "transform" : [
          -0.59889156,
          -5.286509e-08,
          -0.80083007,
          0,
          -0.167219,
          0.9779569,
          0.1250528,
          0,
          0.7831773,
          0.20880705,
          -0.58569014,
          0,
          3.336857,
          1.4373696,
          -2.4567525,
          1
        ]
      },
      {
        "date" : 752597374.281608,
        "title" : "Untitled",
        "transform" : [
          -0.4246092,
          -5.3072668e-08,
          -0.90537673,
          0,
          -0.16630585,
          0.98298484,
          0.077995114,
          0,
          0.8899716,
          0.18368687,
          -0.41738436,
          0,
          3.807726,
          1.3294529,
          -1.7409546,
          1
        ]
      },
      {
        "date" : 752597053.242002,
        "title" : "Untitled",
        "transform" : [
          -0.4246092,
          -5.3072668e-08,
          -0.90537673,
          0,
          -0.16630584,
          0.9829847,
          0.07799511,
          0,
          0.8899716,
          0.18368687,
          -0.41738436,
          0,
          2.3594935,
          0.8446758,
          -1.0760459,
          1
        ]
      },
      {
        "date" : 752597009.36889,
        "title" : "Untitled",
        "transform" : [
          -0.42460918,
          -6.0195305e-08,
          -0.90537673,
          0,
          0.45247462,
          0.8661616,
          -0.21220438,
          0,
          0.78420264,
          -0.49976397,
          -0.36778012,
          0,
          1.7399545,
          -1.2114203,
          -0.7854905,
          1
        ]
      },
      {
        "date" : 752596987.223396,
        "title" : "Untitled",
        "transform" : [
          -0.57042325,
          -2.5096558e-08,
          -0.8213509,
          0,
          -0.23899724,
          0.95672905,
          0.16598213,
          0,
          0.7858101,
          0.2909806,
          -0.54574037,
          0,
          1.8181343,
          0.7291586,
          -1.2650037,
          1
        ]
      },
      {
        "date" : 752595437.459611,
        "title" : "Untitled",
        "transform" : [
          -0.8649668,
          -2.382842e-08,
          -0.5018293,
          0,
          -0.060600676,
          0.99268186,
          0.10445295,
          0,
          0.49815688,
          0.12075947,
          -0.85863674,
          0,
          1.2883834,
          0.31232038,
          -2.2206924,
          1
        ]
      }
    ],
    "27DFA69F-F4BA-469D-92AA-1E67D76B37CC" : [
      {
        "date" : 752764052.619598,
        "title" : "Untitled",
        "transform" : [
          0.9999972,
          0,
          0.0023651102,
          0,
          0.0016723853,
          0.7071069,
          -0.70710474,
          0,
          -0.0016723857,
          0.7071067,
          0.7071049,
          0,
          4.454896,
          210.78287,
          213.12964,
          1
        ]
      },
      {
        "date" : 752764049.80361,
        "title" : "Untitled",
        "transform" : [
          1,
          0,
          0,
          0,
          0,
          0.7071069,
          -0.7071067,
          0,
          0,
          0.7071067,
          0.7071069,
          0,
          8.708465,
          370.08435,
          374.186,
          1
        ]
      },
      {
        "date" : 752763940.8957,
        "title" : "Untitled",
        "transform" : [
          1,
          0,
          -0,
          0,
          -0,
          0.7071069,
          -0.7071067,
          0,
          0,
          0.7071067,
          0.7071069,
          0,
          0,
          0.096660376,
          0.096660495,
          1
        ]
      }
    ],
    "64DCC772-D70A-4DE3-9632-7FFD57BBADFC" : [
      {
        "date" : 752765833.356813,
        "title" : "Untitled",
        "transform" : [
          -0.86768115,
          -4.3642594e-08,
          -0.49712104,
          0,
          -0.24477987,
          0.87037194,
          0.4272417,
          0,
          0.4326802,
          0.49239483,
          -0.7552054,
          0,
          369.78818,
          127.82733,
          -482.7569,
          1
        ]
      },
      {
        "date" : 752765828.141171,
        "title" : "Untitled",
        "transform" : [
          -0.86768115,
          -4.3642594e-08,
          -0.49712104,
          0,
          -0.24477987,
          0.87037194,
          0.4272417,
          0,
          0.4326802,
          0.49239483,
          -0.7552054,
          0,
          648.3212,
          703.7535,
          -1165.3931,
          1
        ]
      },
      {
        "date" : 752765809.414124,
        "title" : "Untitled",
        "transform" : [
          -0.86768115,
          -5.695809e-09,
          -0.49712107,
          0,
          -0.039722946,
          0.99680245,
          0.069332846,
          0,
          0.4955314,
          0.07990595,
          -0.8649067,
          0,
          301.97717,
          92.999825,
          -496.3867,
          1
        ]
      },
      {
        "date" : 752765801.38391,
        "title" : "Untitled",
        "transform" : [
          -0.8800513,
          -5.695809e-09,
          -0.47487852,
          0,
          -0.037945636,
          0.99680245,
          0.0703213,
          0,
          0.47335997,
          0.07990595,
          -0.8772374,
          0,
          69.748314,
          22.42576,
          -121.5119,
          1
        ]
      },
      {
        "date" : 752762438.477407,
        "title" : "Untitled",
        "transform" : [
          -0.88005143,
          -5.69581e-09,
          -0.47487858,
          0,
          -0.03794564,
          0.99680257,
          0.07032131,
          0,
          0.47335997,
          0.07990595,
          -0.8772374,
          0,
          289.34976,
          93.0329,
          -504.09018,
          1
        ]
      },
      {
        "date" : 752762423.203842,
        "title" : "Untitled",
        "transform" : [
          -0.8469852,
          1.4591371e-08,
          -0.5316165,
          0,
          0.5312927,
          0.03489949,
          -0.8464693,
          0,
          0.018553032,
          -0.99939084,
          -0.029559432,
          0,
          48.41218,
          -584.6337,
          -48.42462,
          1
        ]
      },
      {
        "date" : 752683599.360905,
        "title" : "Untitled",
        "transform" : [
          -0.81673455,
          1.459137e-08,
          -0.5770137,
          0,
          0.5766622,
          0.03489955,
          -0.81623703,
          0,
          0.020137409,
          -0.99939084,
          -0.028503753,
          0,
          50.980885,
          -584.6337,
          -45.71256,
          1
        ]
      },
      {
        "date" : 752683591.189025,
        "title" : "Untitled",
        "transform" : [
          -0.81673455,
          1.459137e-08,
          -0.5770137,
          0,
          0.5766622,
          0.03489955,
          -0.81623703,
          0,
          0.020137409,
          -0.99939084,
          -0.028503753,
          0,
          129.71294,
          -1487.5096,
          -116.3085,
          1
        ]
      },
      {
        "date" : 752683586.810022,
        "title" : "Untitled",
        "transform" : [
          -0.9893939,
          1.8401797e-08,
          -0.14525716,
          0,
          0.02365892,
          0.9866466,
          -0.16114844,
          0,
          0.14331739,
          -0.1628759,
          -0.97618216,
          0,
          125.93301,
          19.919254,
          -590.5357,
          1
        ]
      },
      {
        "date" : 752683577.565987,
        "title" : "Untitled",
        "transform" : [
          -0.9893939,
          1.8401797e-08,
          -0.14525716,
          0,
          0.02365892,
          0.9866466,
          -0.16114844,
          0,
          0.14331739,
          -0.1628759,
          -0.97618216,
          0,
          228.03442,
          -83.40769,
          -558.3056,
          1
        ]
      }
    ],
    "90C576A0-F90A-43B8-9998-14918A66F863" : [
      {
        "date" : 752598804.214489,
        "title" : "Untitled",
        "transform" : [
          1,
          0,
          0,
          0,
          0,
          0.7071069,
          -0.70710677,
          0,
          0,
          0.70710677,
          0.7071069,
          0,
          0,
          627.6545,
          627.65454,
          1
        ]
      },
      {
        "date" : 752598772.936977,
        "title" : "Untitled",
        "transform" : [
          1,
          0,
          0,
          0,
          0,
          0.7071069,
          -0.70710677,
          0,
          0,
          0.70710677,
          0.7071069,
          0,
          0,
          0.9982635,
          0.99826366,
          1
        ]
      }
    ],
    "1997C977-FC9F-4B47-941B-E8CF95426426" : [
      {
        "date" : 752598586.208409,
        "title" : "Untitled",
        "transform" : [
          0.999966,
          0,
          0.008239653,
          0,
          0.0058263144,
          0.7071069,
          -0.70708275,
          0,
          -0.0058263154,
          0.70710677,
          0.70708287,
          0,
          -0.03538809,
          1.4196405,
          0.89191854,
          1
        ]
      }
    ],
    "FB5EFB0B-BF95-4838-95B7-BD1304C8F20B" : [
      {
        "date" : 752768147.245383,
        "title" : "Untitled",
        "transform" : [
          -0.78645927,
          3.356855e-09,
          -0.617642,
          0,
          -0.033812072,
          0.99850047,
          0.043053553,
          0,
          0.6167155,
          0.054743823,
          -0.78528017,
          0,
          123.13281,
          -10.561022,
          -138.36273,
          1
        ]
      },
      {
        "date" : 752767630.517927,
        "title" : "Untitled",
        "transform" : [
          -0.65122193,
          3.356855e-09,
          -0.75888723,
          0,
          -0.04154433,
          0.99850047,
          0.03565015,
          0,
          0.757749,
          0.054743823,
          -0.65024567,
          0,
          113.76747,
          -17.203506,
          -41.87256,
          1
        ]
      },
      {
        "date" : 752767617.352093,
        "title" : "Untitled",
        "transform" : [
          -0.64645565,
          -2.089891e-09,
          -0.7629516,
          0,
          0.1323552,
          0.9848377,
          -0.11214591,
          0,
          0.7513835,
          -0.17347777,
          -0.6366541,
          0,
          108.78102,
          -42.557148,
          -36.713665,
          1
        ]
      },
      {
        "date" : 752767558.992731,
        "title" : "Untitled",
        "transform" : [
          -0.64645565,
          -2.089891e-09,
          -0.7629516,
          0,
          0.13235521,
          0.98483783,
          -0.11214592,
          0,
          0.7513835,
          -0.17347777,
          -0.6366541,
          0,
          212.61005,
          -46.387695,
          -121.79857,
          1
        ]
      },
      {
        "date" : 752767553.835804,
        "title" : "Untitled",
        "transform" : [
          -0.5876384,
          4.410004e-09,
          -0.80912364,
          0,
          -0.31440184,
          0.92141896,
          0.22833899,
          0,
          0.7455416,
          0.3885709,
          -0.54146135,
          0,
          146.42157,
          87.03679,
          -48.33084,
          1
        ]
      },
      {
        "date" : 752767551.225329,
        "title" : "Untitled",
        "transform" : [
          -0.5353063,
          3.498645e-09,
          -0.844658,
          0,
          -0.17427452,
          0.9784835,
          0.11044721,
          0,
          0.82648367,
          0.20632565,
          -0.5237886,
          0,
          163.73773,
          51.67241,
          -45.994324,
          1
        ]
      },
      {
        "date" : 752767521.340082,
        "title" : "Untitled",
        "transform" : [
          -0.9685749,
          -7.1985484e-10,
          -0.24872218,
          0,
          0.001825397,
          0.9999731,
          -0.007108951,
          0,
          0.24871518,
          -0.0073393616,
          -0.9685489,
          0,
          36.66421,
          0.1002241,
          -142.11215,
          1
        ]
      },
      {
        "date" : 752767509.57926,
        "title" : "Untitled",
        "transform" : [
          -0.3664777,
          -6.288575e-10,
          -0.93042684,
          0,
          0.0157391,
          0.99985695,
          -0.006199466,
          0,
          0.9302936,
          -0.016915841,
          -0.36642554,
          0,
          179.0773,
          -1.7917038,
          -31.943386,
          1
        ]
      },
      {
        "date" : 752767470.518764,
        "title" : "Untitled",
        "transform" : [
          -0.99836856,
          -2.5393583e-09,
          0.057098348,
          0,
          -0.008330215,
          0.9893008,
          -0.1456523,
          0,
          -0.056487706,
          -0.1458901,
          -0.9876869,
          0,
          25.837387,
          -24.80095,
          -178.41536,
          1
        ]
      },
      {
        "date" : 752767467.195054,
        "title" : "Untitled",
        "transform" : [
          -0.93645,
          -2.8549647e-09,
          -0.3508011,
          0,
          -0.14642233,
          0.9087257,
          0.3908684,
          0,
          0.3187817,
          0.41739407,
          -0.8509762,
          0,
          90.37827,
          75.57654,
          -138.68906,
          1
        ]
      }
    ]
  },
  "sceneViewportBackgroundColors" : {

  },
  "selectedSceneRelativePath" : "esfera.usda"
}